,Liberal Democratic Party,Constitutional Democratic Party,Japan Innovation Party,Komeito,Democratic Party For the People,Japanese Communist Party,Reiwa Shinsengumi,Sanseito,Conservative Party of Japan,Social Democratic Party,Independent Alliance,Team Mirai,Nippon Seishinkai,Nihon Kakumeito,Saisei no Michi,NHK Party,total
Hokkaido,624976.406,441997.778,75510.486,219288.596,291341.384,147611.256,189562.505,275373.672,121945.913,47154.219,9997.166,41605.003,11459.0,2777.0,16928.422,24360.552,2541889.358
Aomori,156328.405,104349.326,11799.5,40124.826,52545.528,29338.788,39599.431,61157.796,18406.769,9071.594,1625.085,4699.757,1851.0,373.0,3027.047,4634.977,538932.829
Iwate,134061.347,128614.132,16377.216,35460.818,62302.749,27494.691,42952.994,65301.99,18376.276,14510.755,1561.031,6783.283,1994.0,397.0,3674.387,5989.187,565851.856
Miyagi,250727.201,167213.819,37963.077,81381.609,117161.995,45026.771,86070.035,115396.317,47552.777,20992.837,3268.086,29201.43,4451.0,1059.0,7509.259,10213.547,1025188.76
Akita,157492.272,60813.866,14474.314,32189.004,53440.108,15863.527,26542.705,41725.234,16136.0,12229.801,1733.12,3879.914,1223.0,283.0,2471.032,3849.958,444346.855
Yamagata,164483.814,68597.544,16102.063,36380.543,66836.372,21616.488,39017.616,55152.838,15682.0,17055.771,2103.0,6039.698,1872.0,342.0,3124.125,4159.0,518564.872
Fukushima,221750.711,153865.366,27163.04,67713.566,98666.29,40176.674,57260.159,107268.942,27790.834,18554.68,2263.0,7999.774,3215.0,760.0,5285.85,7681.852,847415.738
Ibaraki,304233.306,163835.861,62574.534,125805.045,172723.294,49894.801,80013.585,179563.464,50875.937,21294.225,4826.003,19244.794,5579.0,2393.0,9105.985,12967.903,1264930.737
Tochigi,213436.833,127148.704,30236.235,71980.335,103629.948,25522.226,61797.314,109691.388,33716.825,16120.783,3970.063,11607.0,3798.0,650.0,5985.058,9206.183,828496.895
Gunma,218421.515,104437.011,29729.703,75037.934,96991.252,41242.547,58078.272,129011.96,35191.813,17158.164,5106.24,11565.96,4127.0,630.0,6095.422,8813.051,841637.844
Saitama,647213.602,437993.53,161901.048,337617.495,501953.396,189666.101,244662.803,439062.283,184070.559,69785.468,12859.172,103068.998,21455.0,3728.0,27451.683,37635.492,3420124.63
Chiba,594373.184,430950.34,141884.646,255185.736,412821.56,130704.077,185939.707,365382.496,141986.0,47834.543,15996.148,81487.856,17541.0,2962.0,22094.414,30894.011,2878037.718
Tokyo,1232489.031,816962.85,392470.648,536029.131,1075916.295,448646.577,371736.705,788983.38,428340.0,166328.752,42953.282,431085.152,44265.0,7314.0,111146.592,80913.16,6975580.555
Kanagawa,903447.153,553831.914,298910.466,370351.448,662342.423,241033.427,302211.4,541927.959,229431.0,113101.283,38731.0,186395.045,28784.0,7155.0,39265.567,50367.567,4567286.652
Niigata,319812.889,227538.532,37409.358,61141.14,103780.246,39530.508,67089.333,118795.547,37758.0,22145.74,3232.063,12254.963,4180.0,1147.0,7775.64,10599.858,1074190.817
Toyama,144693.175,39383.488,43051.213,29127.14,76005.949,14723.871,26616.066,55038.34,21353.0,11185.785,1197.0,6444.957,2030.0,300.0,2923.0,5161.912,479234.896
Ishikawa,147632.827,53911.12,27728.248,30150.405,74761.084,17284.239,31588.62,83229.272,22913.0,7484.696,1817.0,8476.01,2539.0,320.0,4105.373,5401.014,519341.908
Fukui,110215.124,38483.79,17896.208,22892.254,52895.35,11136.05,22854.627,53333.31,17156.0,4961.789,922.0,4482.007,1470.0,270.0,3344.296,3179.117,365491.922
Yamanashi,104723.721,57681.958,12706.882,34475.852,57717.79,17710.386,28132.01,48965.153,14285.672,6168.93,1525.091,4930.915,2163.0,257.0,3096.779,3350.728,397891.867
Nagano,227451.029,190861.673,39348.515,73179.103,104835.154,63009.045,70312.574,112902.789,45877.923,22979.759,3618.024,25966.033,4426.0,634.0,6345.0,9614.211,1001360.832
Gifu,244932.404,129408.922,41282.157,74169.513,106487.89,38355.662,70506.783,119305.788,46876.729,12820.924,3909.08,13078.88,4567.0,719.0,8046.553,9989.513,924456.798
Shizuoka,397456.573,187651.406,74484.969,141493.551,308070.387,71835.669,119383.832,229755.326,76836.0,32485.405,8823.0,26388.801,10276.0,1525.0,13357.87,18291.954,1718115.743
Aichi,651559.074,455179.847,194828.357,288141.711,586773.21,137534.053,260000.889,466910.34,271630.0,56709.427,16969.243,96418.611,22630.0,3176.0,29771.155,39610.667,3577842.584
Mie,197404.253,154405.586,41011.09,75027.849,96685.436,28434.239,59164.49,106267.848,42567.0,14457.776,2448.03,10148.0,3799.0,573.0,5653.117,8186.122,846232.836
Shiga,135147.794,59753.993,106535.554,44265.596,91283.569,34443.151,44177.783,87287.826,30960.0,10164.439,2147.054,11386.0,2971.0,581.0,5895.157,7252.0,674251.916
Kyoto,196291.53,113884.735,196471.919,93959.776,124793.931,116328.362,73985.207,142434.251,55505.0,16216.706,5458.446,21592.013,5904.0,658.0,7650.323,12464.595,1183598.794
Osaka,483716.802,242847.681,1155624.73,447923.706,380424.099,227409.36,247713.349,527515.06,232985.85,49821.029,22540.2,88064.94,27711.0,3595.0,24856.101,50726.53,4213475.437
Hyogo,471556.688,234675.913,419847.944,253762.677,287052.639,114162.16,153277.65,330455.387,133335.0,55040.004,15683.0,59376.912,15451.0,1559.0,17367.407,78073.329,2640676.71
Nara,131057.486,67163.67,102454.415,59364.805,77397.743,33108.3,35893.816,80318.645,33989.827,9463.25,2600.0,12623.091,3669.0,539.0,4486.378,7306.417,661435.843
Wakayama,106887.417,32100.596,57664.513,50404.086,38754.516,22704.64,25548.781,65008.169,17714.501,5109.765,2051.0,3810.0,1655.0,209.0,2680.763,5168.131,437470.878
Tottori,99299.244,19388.033,8154.83,25100.082,22086.46,8993.358,12323.454,24836.842,8648.0,3636.241,725.0,3200.161,1067.0,165.0,1843.624,2731.618,242198.947
Shimane,116367.25,34622.904,11724.0,27433.521,32491.522,15183.178,15276.462,33677.872,10321.0,5336.474,984.034,3426.957,1129.0,157.0,3087.246,2671.512,313889.932
Okayama,207868.49,109531.218,39488.128,86309.611,90688.512,34459.476,46734.748,108399.692,38173.0,13030.349,3140.0,10784.029,4677.0,620.0,7545.312,10303.295,811752.86
Hiroshima,297496.15,147436.863,57911.509,114035.747,134993.412,46032.411,79763.891,163610.336,55547.0,28044.026,6822.0,20346.0,6452.0,982.0,26255.878,11802.584,1197531.807
Yamaguchi,172157.951,58665.918,21852.153,60396.404,80011.418,19290.022,35610.67,81322.566,28567.82,9068.845,2239.0,7778.0,2878.0,475.0,6009.265,5870.859,592193.891
Tokushima,77202.261,29427.181,17083.109,30465.043,33837.616,11358.852,20078.043,40605.455,14860.89,4214.784,1392.0,3619.0,1478.0,203.0,2694.418,4320.25,292839.902
Kagawa,100822.017,36124.894,14882.13,40123.68,118198.079,14575.652,20435.023,49013.301,18047.0,6910.868,1322.071,5118.0,2062.0,245.0,3169.9,4847.303,435896.918
Ehime,167318.222,64253.569,29448.853,68153.669,61663.657,22909.208,40370.81,84634.668,25339.0,10433.307,2793.049,9519.906,2666.0,396.0,5013.608,6633.349,601546.875
Kochi,84600.627,31792.669,11553.333,32454.481,29603.5,26774.038,20753.0,37984.692,12916.5,7489.0,2135.0,3162.0,1427.0,192.0,2391.4,3401.695,308630.935
Fukuoka,453899.237,266498.037,112564.227,250183.77,288176.667,89461.116,166607.738,342011.226,138908.0,50986.451,8680.123,54220.545,17846.0,2078.0,22116.6,23605.85,2287843.587
Saga,117439.476,63453.243,11253.274,31902.963,36500.073,9961.88,25042.95,49792.538,15235.9,8242.913,1051.016,3972.945,2000.0,291.0,2926.003,3649.718,382715.892
Nagasaki,176767.312,62228.395,20644.035,61051.013,78429.262,18178.537,33290.233,73558.731,19747.692,12649.736,1386.0,5750.795,3660.0,347.0,4210.059,4935.065,576833.865
Kumamoto,242862.712,112899.172,31722.707,80303.263,69967.736,20075.55,53093.217,119194.807,32817.0,16769.72,3334.029,9370.86,4280.0,533.0,6554.761,7597.243,811375.777
Oita,131327.741,95251.07,19126.038,53822.591,49673.681,17739.905,35471.721,64748.095,21933.0,19368.137,1518.064,5557.039,3672.0,345.0,4040.38,5521.43,529115.892
Miyazaki,135201.367,70339.734,17200.113,52121.768,45324.78,12962.886,35060.772,66717.02,18495.0,15044.119,1309.045,4032.0,2658.0,343.0,3343.991,4141.294,484294.889
Kagoshima,226583.045,88081.748,29274.417,65341.562,55394.928,18921.217,52722.021,100949.241,27458.0,17736.439,3375.005,7873.714,3552.0,443.0,5970.386,6792.093,710468.816
Okinawa,107120.107,61917.899,36601.778,67344.982,57059.762,36313.566,65588.459,81473.722,23832.448,60453.461,5084.249,10052.558,4704.0,532.0,7094.93,7738.679,632912.6
