prefecture,Liberal Democratic Party,Constitutional Democratic Party,Japan Innovation Party,Komeito,Democratic Party For the People,Japanese Communist Party,Reiwa Shinsengumi,Social Democratic Party,NHK Party,Sanseito,The Happiness Realization Party,Gobonoto,Japan First Party,Shinto Kunimori,Ishin Party Shimpu,total
Hokkaido,809608.315,500331.595,172373.071,273557.726,90460.2,189624.992,97375.982,36305.163,58707.218,68632.363,5357.0,7907.162,4347.527,7803.0,1901.0,2324292.314
Aomori,212008.514,94348.481,27266.484,52363.291,22480.338,29974.321,18640.337,14311.83,14054.686,11585.91,1440.0,2133.212,872.403,785.0,1024.0,503288.807
Iwate,205311.741,117214.29,31408.455,43957.287,29276.198,36250.788,25079.4,23794.563,12011.028,16633.145,1512.0,1903.338,772.583,521.0,399.0,546044.816
Miyagi,313755.793,173700.855,92879.031,98694.245,53009.199,58673.553,38501.531,20099.143,20064.057,28307.882,1607.0,3434.14,1889.319,1019.0,1776.0,907410.748
Akita,197585.77,51285.206,48101.728,45815.891,20626.528,23163.154,16431.637,10955.932,8958.435,9443.468,929.0,1308.218,569.836,408.0,315.0,435897.803
Yamagata,241161.119,55901.49,44661.071,48015.619,54772.704,27314.208,19619.845,13572.588,10131.254,12057.57,1125.0,1700.11,1207.237,516.0,580.0,532335.815
Fukushima,336817.753,110935.846,62936.673,82024.816,41768.581,51815.634,31809.625,35719.131,17684.464,18953.937,1587.0,4005.844,946.394,854.0,1074.0,798933.698
Ibaraki,428199.093,118463.329,146387.907,146359.826,67627.36,62998.746,43045.8,25107.616,24880.653,32736.487,2205.0,4039.031,1891.823,1256.0,950.0,1106148.671
Tochigi,292392.497,93868.72,94380.688,85034.561,42660.176,33359.473,31228.747,15552.638,20100.243,22226.478,2179.0,2967.024,1215.596,720.0,661.0,738546.841
Gunma,296591.077,92242.728,75328.362,94668.953,43322.737,48211.612,33580.881,18151.197,18404.509,26037.915,2031.0,2539.136,1118.698,667.0,686.0,753581.805
Saitama,968639.096,411217.665,384661.066,375250.448,181603.907,246299.458,163629.6,77033.308,67155.58,96195.181,9204.0,11282.146,7460.177,3511.0,6508.0,3009650.632
Chiba,919855.589,343591.537,331023.711,305978.962,168195.386,177867.202,106845.537,51145.329,60189.424,82774.597,8042.0,9034.482,5558.887,5615.0,1606.0,2577323.643
Tokyo,1959251.445,794991.841,873112.968,629425.135,415903.676,589421.304,398459.238,180061.561,181132.004,212132.66,14588.0,24219.555,20670.126,10039.0,2898.0,6306306.513
Kanagawa,1356430.81,541279.102,646922.707,430355.985,270584.817,296132.189,186016.944,103803.219,96614.323,133704.098,9493.0,12485.591,8287.798,7130.0,3281.0,4102521.583
Niigata,422177.601,217607.999,62255.86,74474.327,42062.48,47844.845,33987.765,31304.937,20596.645,26054.117,2592.0,3433.631,1187.551,692.0,723.0,986994.758
Toyama,187436.417,34939.208,74962.533,36099.052,28183.107,18536.382,13732.294,10231.404,8191.858,14597.448,1736.0,1336.1,747.071,408.0,1567.0,432703.874
Ishikawa,192972.057,48658.985,47627.702,35801.974,17966.955,19052.889,13273.735,7683.672,11254.232,18454.231,1663.0,1748.654,585.756,405.0,2137.0,419285.842
Fukui,153378.186,32677.854,43423.502,30137.907,20617.827,15280.606,12814.252,4721.272,7374.61,13673.324,1368.0,1301.798,550.733,311.0,763.0,338393.871
Yamanashi,144348.248,56124.537,50116.528,40047.235,13412.12,20814.616,15433.433,6716.319,7205.097,12758.934,817.0,1604.662,469.089,344.0,285.0,370496.818
Nagano,327274.864,194827.886,111719.959,92321.878,34462.642,74598.482,37951.516,27666.086,19041.481,30924.354,2421.0,3241.697,1110.877,820.0,604.0,958986.722
Gifu,331743.532,103903.192,89918.014,96371.949,76730.312,49611.779,35638.415,13904.536,20524.747,29297.468,2796.0,3743.606,1789.222,803.0,967.0,857742.772
Shizuoka,619033.072,157665.052,177320.139,175382.108,107440.37,92831.438,70003.956,32489.576,42100.565,56134.507,3532.0,5803.114,2387.707,1697.0,1803.0,1545623.604
Aichi,1014301.858,390643.731,389622.649,347037.852,343621.383,178808.984,153380.822,53180.664,78844.534,111240.927,10761.0,14739.003,6315.042,5442.0,6763.0,3104703.449
Mie,272257.872,133976.614,75520.476,94279.052,45931.493,35338.411,29751.916,11104.501,18145.466,28181.038,2384.0,3091.687,2771.246,784.0,1364.0,754881.772
Shiga,211838.544,56143.127,133511.713,50813.324,33232.236,48678.195,25330.632,12471.608,13221.613,19937.045,1718.0,2223.786,971.037,653.0,783.0,611526.86
Kyoto,263621.443,128874.002,242681.72,104233.017,55661.081,123993.215,36647.656,14755.236,19558.72,34982.93,2155.0,3064.439,1732.306,1930.0,1418.0,1035308.765
Osaka,739292.007,248548.986,1451516.427,494147.078,143680.656,265986.405,129001.949,43274.654,78581.97,116189.975,8069.0,11147.584,7413.651,4300.0,3250.0,3744400.342
Hyogo,634641.742,216673.579,635693.769,287154.913,94030.164,145250.657,74398.445,40095.382,57949.221,83342.721,6340.0,6377.38,5248.621,5211.0,2384.0,2294791.594
Nara,195173.753,53049.545,161941.107,71971.676,21609.268,40321.354,19688.773,8955.504,12364.251,22478.975,1393.0,1676.404,767.202,635.0,2029.0,614054.812
Wakayama,144583.641,26925.928,73166.914,63506.866,16597.029,32477.234,10936.433,4104.513,10132.348,13657.165,1031.0,1194.25,414.505,1856.0,387.0,400970.826
Tottori,84023.939,31057.541,20769.935,34750.311,8466.555,12889.906,8003.281,4641.21,5463.162,7787.725,903.0,759.0,401.357,289.0,258.0,220463.922
Shimane,129507.944,43960.245,25130.646,38449.246,18828.511,16600.652,9318.87,6486.917,5386.633,9007.626,1195.0,1081.022,562.591,248.0,195.0,305958.903
Okayama,281408.049,73348.738,77082.867,112880.848,39882.853,43105.205,29193.867,12892.822,15269.692,26561.971,2163.0,2859.143,1321.785,903.0,1284.0,720157.84
Hiroshima,442555.126,119537.714,113590.822,141043.127,54210.892,50749.662,33971.087,28610.348,18749.71,39163.506,3726.0,3431.279,1836.506,985.0,2196.0,1054356.779
Yamaguchi,256842.222,41110.899,44490.589,74278.754,25606.378,25047.421,17137.008,9762.6,8899.956,16477.36,1839.0,1801.468,790.191,761.0,646.0,525490.846
Tokushima,101220.957,18961.762,46031.323,37233.581,15556.25,17717.548,9890.637,5436.435,7319.168,11181.006,1467.0,1126.105,464.107,354.0,284.0,274243.879
Kagawa,151720.403,35835.782,36917.454,45218.535,61409.908,15030.159,11489.97,6137.05,7607.225,12038.689,1415.0,1214.182,588.536,381.0,454.0,387457.893
Ehime,224668.33,53723.197,53196.751,74407.352,27704.501,23792.309,22742.882,13289.823,13859.013,18097.737,1783.0,2164.267,1516.677,568.0,1315.0,532828.839
Kochi,99974.883,20876.159,26417.596,36482.248,14455.305,37855.984,9452.954,6320.173,5888.154,9860.873,861.0,874.052,305.5,224.0,176.0,270024.881
Fukuoka,670410.075,277558.232,224193.571,290270.449,120380.366,119013.567,103942.038,52455.428,44104.415,76043.279,7326.0,8784.863,4064.206,2209.0,3334.0,2004089.489
Saga,147980.854,48921.574,23728.66,38827.265,15841.229,12032.181,12493.734,7977.284,6914.6,12348.933,1177.0,1309.41,884.13,413.0,387.0,331236.854
Nagasaki,215273.392,66456.166,56170.439,71289.773,25662.81,22271.715,16063.272,13224.894,8813.057,18487.545,1696.0,1486.813,947.941,536.0,799.0,519178.817
Kumamoto,302467.202,65753.366,76507.202,99181.586,23302.732,26127.853,24060.215,18192.727,16704.023,30080.536,2390.0,2551.284,1026.983,694.0,432.0,689471.709
Oita,174996.455,69933.174,41976.678,63024.803,36970.109,22904.833,17713.135,28416.532,10947.557,14997.752,1928.0,2191.655,851.166,447.0,257.0,487555.849
Miyazaki,161815.831,59350.933,30598.859,60751.46,24785.389,16944.695,13260.185,16691.613,8743.44,13323.624,1300.0,1190.337,505.493,404.0,608.0,410273.859
Kagoshima,269834.685,86874.124,55867.075,76441.298,28515.204,23945.339,21674.369,18964.636,16151.498,23933.805,1912.0,2055.345,874.355,663.0,1159.0,628865.733
Okinawa,149861.616,58072.495,40881.951,81618.348,20515.968,51781.637,36511.416,60728.141,17875.928,25666.592,2864.0,4157.378,834.07,647.0,437.0,552453.54
