prefecture,Liberal Democratic Party,Centrist Reform Alliance,Japan Innovation Party,Democratic Party For the People,Sanseito,Japanese Communist Party,Reiwa Shinsengumi,Tax Cuts Japan and Yukoku Alliance,Conservative Party of Japan,Social Democratic Party,Team Mirai,Euthanasia Consideration Party,total
Hokkaido,0.37012685709507037,0.24596408997114874,0.03814603281827028,0.08884340380859514,0.06630433767719458,0.05443216338255275,0.03089282241914682,0.013347011333877043,0.024405650416124886,0.012890717132913548,0.05464691394510586,0.0,1.0
Aomori,0.42165002499298976,0.2256419947250568,0.035772486578967685,0.08505134738630221,0.06591850253384213,0.04384136156931592,0.0351222624548399,0.0,0.020656807643384578,0.015461110501525994,0.050884101613775,0.0,1.0
Iwate,0.384813427786633,0.22225229294113305,0.03740758379625643,0.09932358456247396,0.07353052304891315,0.048331455866045495,0.03923877341928091,0.0,0.017587855803482776,0.0193786256939453,0.0581358770818359,0.0,1.0
Miyagi,0.3909390207615446,0.21852221571657565,0.04828138947812983,0.0830164230248697,0.08078957219507982,0.04009195358167839,0.027970974151253082,0.0,0.021156042732499544,0.011136173847940642,0.07809623451042877,0.0,1.0
Akita,0.4427470229896996,0.17058709307418932,0.05514637814014189,0.14819573080691995,0.052838828252358354,0.03406458430233871,0.023915428973975715,0.0,0.015423555071868213,0.01350661783632201,0.0435747605521863,0.0,1.0
Yamagata,0.4290979339069436,0.16709987551769762,0.03878524062663921,0.1398527350875682,0.06653148462761002,0.03362000798565713,0.03494899357232892,0.0,0.01877020880144681,0.014031660781811492,0.057261859092296974,0.0,1.0
Fukushima,0.42230662341525077,0.2355966743502993,0.03679778413949511,0.07848342751979774,0.07269049522251553,0.04107683942447113,0.028382579841618023,0.0,0.01655969996653902,0.014650797486708556,0.05345507863330483,0.0,1.0
Ibaraki,0.40762655931385267,0.18527062037623834,0.054009969101040584,0.09842599190256812,0.08342144407485363,0.033153992401679905,0.029486998466544734,0.010977175487044437,0.021389566593660623,0.011143819715571959,0.06509386256694501,0.0,1.0
Tochigi,0.409022298914502,0.18825782368520436,0.05412189296083877,0.09591824095651086,0.08501104441689243,0.027242490221531936,0.031850908265158295,0.012349831753275376,0.020986213604730096,0.013535027012980073,0.06170422820837578,0.0,1.0
Gunma,0.3851437132447722,0.18675911918787058,0.04562390859166371,0.08792677410097138,0.10222756745450742,0.04342163505737342,0.030744273602389304,0.012412261714246801,0.0245387507721942,0.012340514536707802,0.06886148173730318,0.0,1.0
Saitama,0.34242298046286906,0.19814349918412227,0.05514924962145378,0.10999126883990666,0.07746630520942718,0.04825621221112453,0.029340039392321157,0.012175358327181507,0.02700781101586522,0.013160785148488507,0.08688649058724013,0.0,1.0
Chiba,0.3695375021615311,0.20260321736070164,0.05214239504446399,0.10186101113470447,0.07373694086158361,0.04014200408927669,0.026499744554463245,0.01287645995090147,0.024901554118473026,0.011922701142326663,0.08377646958157413,0.0,1.0
Kanagawa,0.3417955473369641,0.1823983244136981,0.07113010087954129,0.11168877116595238,0.06995549223885596,0.044113394548212025,0.027330878762934257,0.012864323267393288,0.025464713388415716,0.012853945199082013,0.10040450879895087,0.0,1.0
Yamanashi,0.4073048461494459,0.2224267669282412,0.041794723786642535,0.07936161250565532,0.07472295459627555,0.039191979074036515,0.033183044977300735,0.013362142935147195,0.018942053178156705,0.010473382320056995,0.05923649354904133,0.0,1.0
Tokyo,0.3309954715083878,0.16510568250753568,0.05672224897380155,0.11015257841950096,0.06299819898926239,0.060065065348600614,0.02649793108006354,0.013153663038680423,0.030881698615133683,0.012445680524771569,0.13098178099426178,0.0,1.0
Niigata,0.434870342080328,0.22601376829810685,0.05764507957380156,0.08474271459787674,0.07593738518360954,0.037227583006207335,0.029240229729468412,0.011673080269951463,0.022111461334674065,0.01660994334113279,0.0,0.003928412584843269,1.0
Toyama,0.45609061294587483,0.14276173211389317,0.08476108695553405,0.11528798142670865,0.08969972876088705,0.031728615499248075,0.025642773090535708,0.01224437871704354,0.023634604113566045,0.013691441656330502,0.0,0.004457044720378372,1.0
Ishikawa,0.44703957480143186,0.15307346772834096,0.08677501561771793,0.10867155195494164,0.09563199698553254,0.030366793261078665,0.028722718573680923,0.013128799071861335,0.02206709173302131,0.010935377353813202,0.0,0.0035876129185796303,1.0
Fukui,0.4567411855893464,0.1558183959817151,0.0761576066060018,0.10012450335975978,0.11903802845267956,0.02270050228561315,0.024375804847086683,0.009493381181683358,0.021321200358862626,0.009313339558501322,0.0,0.004916051778750206,1.0
Nagano,0.3655712596759717,0.22866238115478627,0.06667750328379787,0.09766686287001411,0.08141799490948227,0.06571634245998613,0.03684719057335464,0.013024133011734844,0.02239242217575714,0.018420566418535057,0.0,0.0036033434665799736,1.0
Gifu,0.40928759053671065,0.17303165524624567,0.05417742958134581,0.09945751636126726,0.08215064042752643,0.032902598486807856,0.03598005545970332,0.021038019689176846,0.02200163476260475,0.008426993881098849,0.06154586556751253,0.0,1.0
Shizuoka,0.3884244099113999,0.16820595213717696,0.04692239165933049,0.14461990995894655,0.07301236153869041,0.03378493874653099,0.03367292706931364,0.012781582479973538,0.02356328980629564,0.00914178636456184,0.06587045032778001,0.0,1.0
Aichi,0.3596176311688018,0.1633261958572467,0.06302297098149254,0.12169472156771786,0.07383921727250356,0.03622518972769161,0.029227540286196764,0.04385644338718026,0.025772983003001133,0.009087694783796703,0.07432941196437108,0.0,1.0
Mie,0.3881533178134119,0.21545444935826683,0.05909943484214175,0.08215561384403217,0.08089697607359098,0.03161221173630555,0.030507216271826426,0.015905051513192343,0.029301431454636186,0.010089997517140336,0.05682429957545558,0.0,1.0
Shiga,0.3641713457148146,0.1273184426482384,0.15634293823656445,0.08896155981983093,0.07354538162522367,0.048944900351699884,0.03333744678225458,0.010668229777256741,0.023284691799839576,0.008574998457456654,0.06485006478682051,0.0,1.0
Kyoto,0.3225758027938961,0.15217655479049352,0.1494360919051355,0.07481454741706682,0.06495531446074446,0.0914056510542785,0.02838125941559428,0.011925972654344263,0.027551168114486477,0.008774485012786444,0.06800315238117363,0.0,1.0
Osaka,0.23610635042746728,0.13301061490909408,0.3234230192276383,0.06233304292817879,0.06730555800666896,0.0482755277937618,0.025562033399492683,0.011356622915328048,0.029538802644219715,0.007043049974957216,0.05604537777319316,0.0,1.0
Hyogo,0.33852844601911414,0.16071482869385526,0.17839337471098282,0.07077256523182796,0.07019159157186823,0.0419164589878409,0.026565051008514324,0.011555416089443186,0.028328648650401838,0.009398556444652022,0.0636350625914993,0.0,1.0
Nara,0.43598355769487424,0.12576999160683197,0.15212987760210453,0.07936585611796701,0.05207174824054879,0.04197177167024044,0.021122311887751016,0.010064387165274231,0.023033759516458616,0.008093623861509762,0.0503931146364394,0.0,1.0
Wakayama,0.40096679872855395,0.1527152772939246,0.13518123872288387,0.07574377911628254,0.07635883993762899,0.048652272001037916,0.026586965035233855,0.010585773354892497,0.02133732482178853,0.006390866346803005,0.04548086464097026,0.0,1.0
Tottori,0.39582196247011375,0.2801120583476224,0.051696573043205254,0.08088487453812157,0.07671166710942594,0.04037481585239211,0.027628178810346078,0.012746637042046031,0.021846547685174005,0.012176685101552877,0.0,0.0,1.0
Shimane,0.4543615154330546,0.2246584769966622,0.052437975293348475,0.07750249475241733,0.07693816455042841,0.041949692027115376,0.029376139843776884,0.011066377619490038,0.018581604211830288,0.013127559271876399,0.0,0.0,1.0
Okayama,0.4453301545552404,0.20104486999410814,0.06734228131191719,0.08647585711409046,0.08241993183360638,0.04016149120822571,0.02652696947925549,0.014283370333448519,0.025449284153426593,0.010965790016681127,0.0,0.0,1.0
Hiroshima,0.401450348589387,0.2104784524798613,0.08300942816891232,0.10341906585268938,0.08230412166311454,0.03484448939782538,0.030497959036231623,0.014501679731243002,0.02587598887403822,0.01361846620669725,0.0,0.0,1.0
Yamaguchi,0.4708012645002637,0.1715373219066944,0.06952567802275697,0.0838285735402312,0.09465442927835467,0.03111530670178421,0.030072194767978982,0.011852170378308647,0.024156187954996692,0.012456872948630517,0.0,0.0,1.0
Tokushima,0.41572589945560307,0.17909806412067097,0.10909108143205148,0.10593465340903706,0.08391232776298038,0.03749798576289823,0.03198134579474687,0.0,0.028063457157571792,0.008695185104440168,0.0,0.0,1.0
Kagawa,0.3944742530021476,0.14999113799635852,0.06854817362161317,0.2333423104279312,0.06642589638591379,0.02730878213051775,0.022712049332587542,0.0,0.026217719864008525,0.01097967723892192,0.0,0.0,1.0
Ehime,0.44696064335282426,0.19869805669285498,0.06807558822587469,0.08849472497206148,0.09663439901427182,0.031835581618394414,0.03113943637519026,0.0,0.027090669125368512,0.011070900623159555,0.0,0.0,1.0
Kochi,0.4101400578861572,0.1997737782361356,0.054968561828404136,0.08735819554875411,0.08463688080109119,0.08551515353138826,0.03594264612927908,0.0,0.026414717721813766,0.015250008316976612,0.0,0.0,1.0
Fukuoka,0.3734919501731397,0.1850626171778568,0.06916156810938602,0.08670594279385371,0.08291310546062713,0.034712001014151415,0.029412170261788953,0.0178036949806177,0.02935301142921957,0.018861437114828183,0.07252250148453085,0.0,1.0
Saga,0.4289796813138343,0.1672930692493998,0.03920056415850318,0.0645031786739634,0.07755858823032247,0.02020247373995357,0.026356449921688674,0.09618427064817481,0.017381681224033788,0.012986738577507085,0.049353304262618955,0.0,1.0
Nagasaki,0.4266859967629402,0.18503729032105626,0.05859787042647165,0.10659344183165602,0.06882718185086234,0.02807027018816465,0.028669413160555126,0.013787039271712181,0.01763168065510799,0.017116924016857014,0.04898289151461656,0.0,1.0
Kumamoto,0.43022086696440587,0.17033339511548606,0.06172290958393529,0.06644035779483416,0.09819045998928545,0.027633125728373495,0.032025582889221214,0.013827353582645478,0.02237106360938107,0.019495654514201856,0.05773923022823004,0.0,1.0
Oita,0.38215573172659256,0.21579978709668818,0.05746865960416742,0.07551973735577133,0.08315797692341384,0.031567962431515786,0.028328709002306135,0.013661613228189312,0.03181552442199036,0.02970743885694916,0.05081685935241592,0.0,1.0
Miyazaki,0.4142843354041627,0.19205187603102733,0.06380523674142712,0.09764267663472675,0.07686418518128532,0.027241058579902427,0.031205029658488644,0.013015074935944684,0.01778631848653961,0.02428398441613141,0.04182022393036398,0.0,1.0
Kagoshima,0.4464510631460861,0.19268608284247765,0.04993817083212592,0.06178469677885815,0.08327427763161292,0.025692816627025227,0.028437113567700786,0.012516461477989677,0.01808108658665695,0.02079095429232142,0.06034727621714518,0.0,1.0
Okinawa,0.35283627014884533,0.19624004887268284,0.042450188681646656,0.06848061956307312,0.0783553833132879,0.06325926067339939,0.06375880567381302,0.018099756272948842,0.021816116530803155,0.044836550148590774,0.04986700012090898,0.0,1.0
