prefecture,Liberal Democratic Party,Constitutional Democratic Party,Japan Innovation Party,Komeito,Japanese Communist Party,Democratic Party For the People,Reiwa Shinsengumi,Social Democratic Party,Sanseito,Minna De Tsukuru Party,Euthanasia Consideration Party,Conservative Party of Japan,total
Hokkaido,641127.0,694578.943,96954.0,253344.0,169799.0,192303.871,177620.0,31134.0,57002.0,0.0,18455.0,61903.0,2394220.814
Aomori,175840.0,128030.0,19020.0,46357.0,34182.0,53931.96,36933.0,9036.0,13136.0,0.0,0.0,0.0,516465.96
Iwate,144856.0,173405.421,21963.0,42404.0,33300.0,44419.547,39199.0,13764.0,18274.0,0.0,0.0,0.0,531584.968
Miyagi,275135.0,249392.988,60722.0,103542.0,56060.0,103186.973,73055.0,16703.0,26677.0,0.0,0.0,0.0,964473.961
Akita,169066.0,100995.106,20441.0,45495.0,20738.0,64350.87,25156.0,8143.0,7883.0,0.0,0.0,0.0,462267.976
Yamagata,174526.0,112595.297,16706.0,52975.0,24782.0,62792.669,43200.0,15041.0,10724.0,0.0,0.0,0.0,513341.966
Fukushima,249552.0,228589.06,26845.0,76568.0,54347.0,68309.883,54312.0,16797.0,17660.0,0.0,0.0,0.0,792979.943
Ibaraki,389468.0,231434.981,78268.0,142759.0,61674.0,146789.976,85474.0,16120.0,30828.0,0.0,0.0,26963.0,1209778.957
Tochigi,234312.0,186998.518,48116.0,89651.0,31726.0,76705.455,57491.0,11087.0,21715.0,0.0,0.0,17148.0,774949.973
Gunma,233680.0,161244.745,42852.0,93120.0,49098.0,67567.219,57259.0,15460.0,24507.0,0.0,0.0,21182.0,765969.964
Saitama,746184.0,704233.049,221900.0,349164.0,212417.0,395017.878,219287.0,44580.0,98509.0,0.0,0.0,81435.0,3072726.927
Chiba,683738.0,678365.228,176104.0,276382.0,154119.0,339467.711,173634.0,36630.0,97067.0,0.0,0.0,70621.0,2686127.939
Kanagawa,1024345.0,931848.797,345014.0,412320.0,261682.0,535141.145,271670.0,68080.0,156115.0,0.0,0.0,111416.0,4117631.942
Yamanashi,114147.0,90321.177,15043.0,41278.0,21923.0,32514.798,27215.0,5249.0,13963.0,0.0,0.0,9132.0,370785.975
Tokyo,1498632.0,1298166.012,516610.0,573191.0,498565.0,945460.918,451865.0,96302.0,237271.0,23784.0,0.0,201770.0,6341616.93
Niigata,351499.0,285953.592,59123.0,72559.0,51477.0,104160.373,62458.0,22031.0,24876.0,0.0,0.0,0.0,1034136.965
Toyama,177406.0,79405.881,34227.0,32103.0,19341.0,57374.103,28557.0,8562.0,13158.0,0.0,0.0,0.0,450133.984
Ishikawa,174964.0,110260.68,38710.0,37106.0,19283.0,55741.301,33190.0,6155.0,17875.0,0.0,0.0,0.0,493284.981
Fukui,115562.0,76657.054,29588.0,27979.0,13779.0,34069.929,23915.0,5820.0,18234.0,0.0,0.0,0.0,345603.983
Nagano,234085.0,266496.09,66969.0,88887.0,78030.0,89768.834,68539.0,19360.0,25907.0,0.0,0.0,0.0,938041.924
Gifu,262052.0,185395.355,55152.0,87117.0,44210.0,95612.604,76291.0,12840.0,23584.0,0.0,0.0,27009.0,869262.959
Shizuoka,464926.0,383270.32,91040.0,177829.0,74876.0,184408.639,119627.0,25876.0,46319.0,0.0,0.0,40870.0,1609041.959
Aichi,785372.0,694588.18,229378.0,305274.0,178900.0,498192.752,250109.0,42679.0,89423.0,0.0,0.0,164805.0,3238720.932
Mie,205387.0,210837.503,51798.0,95719.0,36613.0,78695.467,60085.0,9313.0,19743.0,0.0,0.0,23042.0,791232.97
Shiga,162857.0,101874.493,112702.0,45958.0,44909.0,59599.488,42348.0,7367.0,23223.0,0.0,0.0,17322.0,618159.981
Kyoto,228401.0,193727.027,168030.0,97363.0,127282.0,103519.939,68077.0,10912.0,43123.0,0.0,0.0,33198.0,1073632.966
Osaka,632027.0,374591.731,1152221.0,478676.0,266051.0,299044.198,240175.0,38594.0,148639.0,0.0,0.0,126090.0,3756108.929
Hyogo,532662.0,411706.719,446210.0,280346.0,141554.0,198941.229,146780.0,31034.0,96491.0,0.0,0.0,78411.0,2364135.948
Nara,158862.0,109702.024,120087.0,64133.0,39541.0,53088.938,35147.0,7091.0,23022.0,0.0,0.0,22198.0,632871.962
Wakayama,123050.0,55726.224,70546.0,63848.0,29858.0,25247.746,25372.0,4163.0,15713.0,0.0,0.0,11107.0,424630.97
Tottori,123578.0,40988.413,7827.0,33259.0,10826.0,16647.568,12787.0,3112.0,6239.0,0.0,0.0,0.0,255263.981
Shimane,128475.0,67982.726,10927.0,31511.0,15657.0,23736.255,16048.0,6015.0,6954.0,0.0,0.0,0.0,307305.981
Okayama,249004.0,157461.49,51166.0,94316.0,42686.0,77204.481,45739.0,8570.0,23288.0,0.0,0.0,0.0,749434.971
Hiroshima,342216.0,207928.504,86855.0,127717.0,53521.0,129471.466,66166.0,24834.0,34987.0,0.0,0.0,0.0,1073695.97
Yamaguchi,213047.0,98238.023,30742.0,67488.0,26528.0,60620.958,32882.0,11089.0,16890.0,0.0,0.0,0.0,557524.981
Tokushima,86234.0,51200.902,33249.0,42202.0,16927.0,32436.074,19931.0,3999.0,8487.0,0.0,0.0,0.0,294665.976
Kagawa,123212.0,60081.517,21396.0,42250.0,16165.0,105518.465,20528.0,7452.0,11844.0,0.0,0.0,0.0,408446.982
Ehime,176978.0,118252.836,35861.0,70870.0,23345.0,71340.146,36978.0,7747.0,15672.0,0.0,0.0,0.0,557043.982
Kochi,93411.0,51674.362,12731.0,41443.0,31787.0,24220.604,18536.0,5163.0,8124.0,0.0,0.0,0.0,287089.966
Fukuoka,532379.0,414604.494,166686.0,318003.0,110535.0,235169.431,172347.0,51788.0,105086.0,0.0,0.0,0.0,2106597.925
Saga,115107.0,93820.278,14692.0,42590.0,11822.0,36260.702,23647.0,8031.0,13567.0,0.0,0.0,0.0,359536.98
Nagasaki,165231.0,107014.949,40712.0,84678.0,19523.0,65357.03,30312.0,13101.0,23415.0,0.0,0.0,0.0,549343.979
Kumamoto,241040.0,140133.299,41516.0,100854.0,24694.0,54060.654,51290.0,23508.0,40392.0,0.0,0.0,0.0,717487.953
Oita,141626.0,116150.325,22352.0,69848.0,22303.0,40688.656,35534.0,25510.0,21633.0,0.0,0.0,0.0,495644.981
Miyazaki,139807.0,84958.631,24267.0,63485.0,16563.0,45507.346,30440.0,12405.0,16391.0,0.0,0.0,0.0,433823.977
Kagoshima,237968.0,145806.891,38226.0,84747.0,23323.0,48693.066,49674.0,20475.0,28340.0,0.0,0.0,0.0,677252.957
Okinawa,109657.0,98432.785,33583.0,95707.0,46645.0,39174.174,68181.0,45876.0,28377.0,0.0,0.0,0.0,565632.959
