prefecture,自由民主党,中道改革連合,日本維新の会,国民民主党,参政党,日本共産党,れいわ新選組,減税日本・ゆうこく連合,日本保守党,社会民主党,チームみらい,安楽死制度を考える会,合計
北海道,911742.0,605889.0,93966.0,218850.0,163329.0,134084.0,76099.0,32878.0,60119.0,31754.0,134613.0,0.0,2463323.0
青森県,207510.0,111047.0,17605.0,41857.0,32441.0,21576.0,17285.0,0.0,10166.0,7609.0,25042.0,0.0,492138.0
岩手県,218970.0,126468.0,21286.0,56518.0,41841.0,27502.0,22328.0,0.0,10008.0,11027.0,33081.0,0.0,569029.0
宮城県,407292.0,227663.0,50301.0,86489.0,84169.0,41769.0,29141.0,0.0,22041.0,11602.0,81363.0,0.0,1041830.0
秋田県,196090.0,75552.0,24424.0,65635.0,23402.0,15087.0,10592.0,0.0,6831.0,5982.0,19299.0,0.0,442894.0
山形県,219233.0,85374.0,19816.0,71453.0,33992.0,17177.0,17856.0,0.0,9590.0,7169.0,29256.0,0.0,510916.0
福島県,363481.0,202779.0,31672.0,67551.0,62565.0,35355.0,24429.0,0.0,14253.0,12610.0,46009.0,0.0,860704.0
茨城県,496556.0,225690.0,65793.0,119899.0,101621.0,40387.0,35920.0,13372.0,26056.0,13575.0,79295.0,0.0,1218164.0
栃木県,336827.0,155029.0,44569.0,78988.0,70006.0,22434.0,26229.0,10170.0,17282.0,11146.0,50813.0,0.0,823493.0
群馬県,316716.0,153578.0,37518.0,72305.0,84065.0,35707.0,25282.0,10207.0,20179.0,10148.0,56627.0,0.0,822332.0
埼玉県,1106746.0,640420.0,178248.0,355503.0,250379.0,155969.0,94830.0,39352.0,87292.0,42537.0,280826.0,0.0,3232102.0
千葉県,1032177.0,565903.0,145642.0,284514.0,205959.0,112123.0,74018.0,35966.0,69554.0,33302.0,234001.0,0.0,2793159.0
神奈川県,1449114.0,773316.0,301571.0,473528.0,296591.0,187028.0,115875.0,54541.0,107963.0,54497.0,425686.0,0.0,4239710.0
山梨県,156647.0,85544.0,16074.0,30522.0,28738.0,15073.0,12762.0,5139.0,7285.0,4028.0,22782.0,0.0,384594.0
東京都,2243625.0,1119155.0,384487.0,746660.0,427028.0,407146.0,179614.0,89161.0,209329.0,84362.0,887849.0,0.0,6778416.0
新潟県,449769.0,233757.0,59620.0,87646.0,78539.0,38503.0,30242.0,12073.0,22869.0,17179.0,0.0,4063.0,1034260.0
富山県,200772.0,62844.0,37312.0,50750.0,39486.0,13967.0,11288.0,5390.0,10404.0,6027.0,0.0,1962.0,440202.0
石川県,225413.0,77185.0,43755.0,54796.0,48221.0,15312.0,14483.0,6620.0,11127.0,5514.0,0.0,1809.0,504235.0
福井県,149675.0,51062.0,24957.0,32811.0,39009.0,7439.0,7988.0,3111.0,6987.0,3052.0,0.0,1611.0,327702.0
長野県,362087.0,226483.0,66042.0,96736.0,80642.0,65090.0,36496.0,12900.0,22179.0,18245.0,0.0,3569.0,990469.0
岐阜県,375047.0,158556.0,49645.0,91137.0,75278.0,30150.0,32970.0,19278.0,20161.0,7722.0,56397.0,0.0,916341.0
静岡県,665801.0,288323.0,80430.0,247894.0,125151.0,57911.0,57719.0,21909.0,40390.0,15670.0,112909.0,0.0,1714107.0
愛知県,1271367.0,577412.0,222807.0,430231.0,261046.0,128068.0,103329.0,155047.0,91116.0,32128.0,262779.0,0.0,3535330.0
三重県,315793.0,175289.0,48082.0,66840.0,65816.0,25719.0,24820.0,12940.0,23839.0,8209.0,46231.0,0.0,813578.0
滋賀県,236085.0,82538.0,101354.0,57672.0,47678.0,31730.0,21612.0,6916.0,15095.0,5559.0,42041.0,0.0,648280.0
京都府,361012.0,170309.0,167242.0,83729.0,72695.0,102297.0,31763.0,13347.0,30834.0,9820.0,76106.0,0.0,1119154.0
大阪府,949883.0,535117.0,1301168.0,250773.0,270778.0,194218.0,102839.0,45689.0,118838.0,28335.0,225477.0,0.0,4023115.0
兵庫県,834997.0,396411.0,440016.0,174564.0,173131.0,103389.0,65524.0,28502.0,69874.0,23182.0,156959.0,0.0,2466549.0
奈良県,294009.0,84814.0,102590.0,53521.0,35115.0,28304.0,14244.0,6787.0,15533.0,5458.0,33983.0,0.0,674358.0
和歌山県,166890.0,63563.0,56265.0,31526.0,31782.0,20250.0,11066.0,4406.0,8881.0,2660.0,18930.0,0.0,416219.0
鳥取県,81949.0,57993.0,10703.0,16746.0,15882.0,8359.0,5720.0,2639.0,4523.0,2521.0,0.0,0.0,207035.0
島根県,132042.0,65288.0,15239.0,22523.0,22359.0,12191.0,8537.0,3216.0,5400.0,3815.0,0.0,0.0,290610.0
岡山県,358269.0,161741.0,54177.0,69570.0,66307.0,32310.0,21341.0,11491.0,20474.0,8822.0,0.0,0.0,804502.0
広島県,444534.0,233067.0,91918.0,114518.0,91137.0,38584.0,33771.0,16058.0,28653.0,15080.0,0.0,0.0,1107320.0
山口県,280284.0,102122.0,41391.0,49906.0,56351.0,18524.0,17903.0,7056.0,14381.0,7416.0,0.0,0.0,595334.0
徳島県,131576.0,56684.0,34527.0,33528.0,26558.0,11868.0,10122.0,0.0,8882.0,2752.0,0.0,0.0,316497.0
香川県,171375.0,65162.0,29780.0,101373.0,28858.0,11864.0,9867.0,0.0,11390.0,4770.0,0.0,0.0,434439.0
愛媛県,265167.0,117881.0,40387.0,52501.0,57330.0,18887.0,18474.0,0.0,16072.0,6568.0,0.0,0.0,593267.0
高知県,123284.0,60050.0,16523.0,26259.0,25441.0,25705.0,10804.0,0.0,7940.0,4584.0,0.0,0.0,300590.0
福岡県,839679.0,416055.0,155488.0,194931.0,186404.0,78039.0,66124.0,40026.0,65991.0,42404.0,163044.0,0.0,2248185.0
佐賀県,162419.0,63340.0,14842.0,24422.0,29365.0,7649.0,9979.0,36417.0,6581.0,4917.0,18686.0,0.0,378617.0
長崎県,252817.0,109637.0,34720.0,63158.0,40781.0,16632.0,16987.0,8169.0,10447.0,10142.0,29023.0,0.0,592513.0
熊本県,338891.0,134174.0,48620.0,52336.0,77346.0,21767.0,25227.0,10892.0,17622.0,15357.0,45482.0,0.0,787714.0
大分県,200678.0,113321.0,30178.0,39657.0,43668.0,16577.0,14876.0,7174.0,16707.0,15600.0,26685.0,0.0,525121.0
宮崎県,188854.0,87548.0,29086.0,44511.0,35039.0,12418.0,14225.0,5933.0,8108.0,11070.0,19064.0,0.0,455856.0
鹿児島県,311213.0,134318.0,34811.0,43069.0,58049.0,17910.0,19823.0,8725.0,12604.0,14493.0,42067.0,0.0,697082.0
沖縄県,221783.0,123351.0,26683.0,43045.0,49252.0,39763.0,40077.0,11377.0,13713.0,28183.0,31345.0,0.0,628572.0
