prefecture,Liberal Democratic Party,Constitutional Democratic Party,Japan Innovation Party,Komeito,Japanese Communist Party,Democratic Party For the People,Reiwa Shinsengumi,Social Democratic Party,Sanseito,Minna De Tsukuru Party,Euthanasia Consideration Party,Conservative Party of Japan,total
Hokkaido,0.26778106524304907,0.2901064675983558,0.040495011752078106,0.10581480142457739,0.07092035914445108,0.08032002306367053,0.07418697513670518,0.013003813106103924,0.023808163251562146,0.0,0.007708144500325942,0.025855175779120932,1.0
Aomori,0.3404677435082072,0.2478962989158085,0.036827209289843614,0.08975809364086647,0.06618441997610065,0.10442500411837403,0.07151100529452124,0.017495828766720657,0.025434396489557608,0.0,0.0,0.0,1.0
Iwate,0.2724982998390579,0.3262045231497216,0.04131606671014821,0.07976899753117173,0.06264285486718278,0.08356057765726739,0.07373985789605698,0.02589238001176888,0.03437644233762457,0.0,0.0,0.0,1.0
Miyagi,0.285269495212427,0.2585792857916254,0.06295867224558487,0.10735593099127742,0.05812494921259984,0.10698782670401197,0.07574595370543134,0.017318248781627812,0.027659637355414306,0.0,0.0,0.0,1.0
Akita,0.36573158595783845,0.21847740108218094,0.04421894022786471,0.09841694074001786,0.04486142470747314,0.13920685260706875,0.05441865174757422,0.017615323627782512,0.01705287930219938,0.0,0.0,0.0,1.0
Yamagata,0.33997999688184466,0.21933779908420736,0.032543608562094456,0.10319631650765915,0.04827581152794354,0.12232132410542099,0.0841544289406489,0.029300156613340275,0.02089055777684071,0.0,0.0,0.0,1.0
Fukushima,0.31470152833361137,0.2882658786238683,0.03385331525339728,0.09655729716230667,0.06853515083167747,0.08614326705612528,0.06849101352365479,0.021182124653056956,0.022270424562301952,0.0,0.0,0.0,1.0
Ibaraki,0.32193319097382844,0.19130352669872072,0.06469611621786542,0.11800420165516237,0.050979560888493786,0.12133619546830984,0.0706525762457943,0.013324748216793459,0.02548234106869161,0.0,0.0,0.022287542566340076,1.0
Tochigi,0.30235758199065066,0.24130398672844397,0.06208916920628114,0.11568617733212051,0.0409394168725263,0.09898116997547143,0.0741867243087187,0.01430672996487736,0.028021163631939374,0.0,0.0,0.022127879988970593,1.0
Gunma,0.3050772366839178,0.21051053249915683,0.05594475242373864,0.12157134662789466,0.06409911916598338,0.08821131659935427,0.07475358394079275,0.020183559051409488,0.031994727145723954,0.0,0.0,0.027653825862028185,1.0
Saitama,0.24284097406876404,0.22918829617168907,0.07221598445672747,0.11363326722329335,0.06912980067753349,0.12855612860647803,0.071365599745662,0.014508285656065394,0.03205914561896245,0.0,0.0,0.026502517774824704,1.0
Chiba,0.2545440930317504,0.25254390088825923,0.06556054067385955,0.10289234402695367,0.05737589701605051,0.12637808723525587,0.06464100145008023,0.013636729460338635,0.03613640236218101,0.0,0.0,0.026291003855270948,1.0
Kanagawa,0.24877041329304903,0.22630696723888977,0.08378942189583394,0.1001352247621553,0.06355157616950505,0.12996332662507795,0.0659772422175367,0.016533774984981407,0.03791378204730276,0.0,0.0,0.02705827076566816,1.0
Yamanashi,0.3078514498829143,0.24359383334280646,0.04057057443987735,0.11132567783881255,0.059125753070892184,0.08769155305833777,0.07339813756439952,0.014156414627063497,0.037657842910590135,0.0,0.0,0.024628763264306318,1.0
Tokyo,0.23631701765372953,0.20470583864169167,0.08146345099403537,0.09038562346590683,0.07861796218586796,0.14908830483395344,0.07125390968703624,0.015185716996627232,0.03741490579122697,0.0037504630542229867,0.0,0.03181680669570182,1.0
Niigata,0.33989598273377647,0.27651423522995333,0.057171343836452074,0.07016382012802337,0.04977773906379993,0.10072202863379902,0.06039625515175352,0.021303754478982386,0.024054840743459933,0.0,0.0,0.0,1.0
Toyama,0.39411820992391455,0.17640499011956404,0.07603736046732255,0.07131876539230594,0.042967206848350294,0.12746005642622177,0.0634411109026596,0.019021003310871993,0.029231296608789262,0.0,0.0,0.0,1.0
Ishikawa,0.35469152059993486,0.2235232862279259,0.07847390756054662,0.07522223750817987,0.03909099352854613,0.11300019896612258,0.06728362159479573,0.01247757429695594,0.036236659716992276,0.0,0.0,0.0,1.0
Fukui,0.33437693338158087,0.22180604903503096,0.08561243925247239,0.08095682161163055,0.03986933217722783,0.09858083435340499,0.06919769787491135,0.016840083697762246,0.05275980861597883,0.0,0.0,0.0,1.0
Nagano,0.24954641579537762,0.2840982723497122,0.07139233150095325,0.09475802490891655,0.0831839153491822,0.09569810442715351,0.07306603068201459,0.020638736398310487,0.02761816858837964,0.0,0.0,0.0,1.0
Gifu,0.30146458823169525,0.21327879335072417,0.06344685394560795,0.10021938597293895,0.05085917850549985,0.10999272775868965,0.08776515691841415,0.014771134404221174,0.027131030668937083,0.0,0.0,0.031071150243271783,1.0
Shizuoka,0.2889458521572339,0.23819784055736984,0.05658025229906388,0.11051855982085051,0.04653452296951568,0.11460772540363566,0.07434672497561637,0.01608161916180335,0.028786694927947495,0.0,0.0,0.02540020772696332,1.0
Aichi,0.24249449597221426,0.21446373262270318,0.0708236383485973,0.09425758081956287,0.055237855856115486,0.15382392075761592,0.07722462208114694,0.013177733091577153,0.027610591303641224,0.0,0.0,0.05088582914682567,1.0
Mie,0.2595784146861322,0.26646703435525443,0.06546491610429227,0.12097448365934499,0.04627334980745305,0.09945928694048228,0.0759384432627978,0.011770237531937023,0.02495219581155725,0.0,0.0,0.029121637840748726,1.0
Shiga,0.2634544535486518,0.16480279560510727,0.18231849919770202,0.07434644980681789,0.0726494780968359,0.09641434229305115,0.06850653763042612,0.011917626870769558,0.03756794472918168,0.0,0.0,0.028021872221456533,1.0
Kyoto,0.21273657500565235,0.1804406469761846,0.1565059990901956,0.09068555370718749,0.11855261903349566,0.09642023138100995,0.06340807534406502,0.010163622341678356,0.04016549543990064,0.0,0.0,0.030921181680630325,1.0
Osaka,0.16826641930436945,0.09972866551016897,0.306759207940958,0.1274393285839661,0.07083154536490813,0.07961542214368511,0.063942501279893,0.010274994876220215,0.0395726010106881,0.0,0.0,0.03356931398514295,1.0
Hyogo,0.2253093780205909,0.17414680376071165,0.18874126099959798,0.11858285909368525,0.05987557531103537,0.08414965694688553,0.06208610808704644,0.013126994674842617,0.04081448872753235,0.0,0.0,0.033166874378071934,1.0
Nara,0.2510175984064214,0.17333999700874725,0.1897492813878204,0.10133645326509186,0.06247867242379114,0.08388574812546364,0.0555357198775698,0.011204478039430034,0.03637702629019296,0.0,0.0,0.03507502517547143,1.0
Wakayama,0.2897810303379426,0.13123447872867117,0.16613484409768794,0.15036114770432313,0.07031517272515474,0.059458088984889634,0.0597507054184013,0.009803806820778993,0.0370038954059333,0.0,0.0,0.02615682977621722,1.0
Tottori,0.48411843894262546,0.16057264655760423,0.030662375354868418,0.13029256955762983,0.04241099726482758,0.06521706640624711,0.05009324053439408,0.012191300894895939,0.02444136448690738,0.0,0.0,0.0,1.0
Shimane,0.41806866101964996,0.22122161690045333,0.035557394504469465,0.10253949466736867,0.05094921989168834,0.07723980809862598,0.052221567402555694,0.019573325518841753,0.022628911996346725,0.0,0.0,0.0,1.0
Okayama,0.3322556454334448,0.21010694202045715,0.06827276812520135,0.12584947813971173,0.05695757691029873,0.1030169180615939,0.06103131261538101,0.011435281687702295,0.031074077006208987,0.0,0.0,0.0,1.0
Hiroshima,0.3187270973923838,0.19365677976792628,0.08089347676325916,0.11895080504027597,0.04984744424438885,0.12058484861408207,0.06162452113888441,0.023129452558157595,0.03258557448064185,0.0,0.0,0.0,1.0
Yamaguchi,0.3821299623523058,0.1762038049376661,0.05514013012450109,0.12104928442659325,0.04758172441424647,0.10873227221364633,0.058978523152489915,0.019889691723069175,0.03029460665548186,0.0,0.0,0.0,1.0
Tokushima,0.2926500072068042,0.1737591244670881,0.11283623732656531,0.14321979270521548,0.057444704779896265,0.1100774322176918,0.06763929881066418,0.01357129877797632,0.02880210370809828,0.0,0.0,0.0,1.0
Kagawa,0.30165971455262214,0.14709746833188744,0.05238378772009141,0.10344059783014874,0.03957673997454093,0.2583406651294586,0.05025866490549806,0.01824471798888209,0.02899764356687057,0.0,0.0,0.0,1.0
Ehime,0.31770920379497075,0.2122863540782315,0.0643773223637483,0.12722514252025435,0.04190871951651387,0.12806914409857137,0.06638255002277361,0.013907339905522937,0.02813422369941338,0.0,0.0,0.0,1.0
Kochi,0.32537187315003546,0.1799936191430668,0.04434498417823492,0.14435544570721778,0.11072138968451443,0.08436590222035137,0.06456512659867743,0.017983909615287633,0.028297749702614127,0.0,0.0,0.0,1.0
Fukuoka,0.2527197970158449,0.19681235278915413,0.07912568317943255,0.1509557169054935,0.052470857721935715,0.1116347017193611,0.08181295441084231,0.024583713572204343,0.04988422268573155,0.0,0.0,0.0,1.0
Saga,0.3201534373459999,0.2609475053164212,0.040863668599541554,0.11845791217359616,0.03288117956600737,0.10085388713005265,0.06577070319720658,0.022337062518575975,0.037734644152598716,0.0,0.0,0.0,1.0
Nagasaki,0.3007787585126149,0.19480499120934205,0.07411021428524658,0.15414385746821846,0.03553875303327935,0.1189728703661645,0.055178542331852876,0.02384844560205874,0.042623567191222456,0.0,0.0,0.0,1.0
Kumamoto,0.3359498915516983,0.1953110131174565,0.05786299243967934,0.14056542632988292,0.03441730261358131,0.07534712433004433,0.0714855208168213,0.0327643131870118,0.05629641561382425,0.0,0.0,0.0,1.0
Oita,0.2857408133423629,0.23434177577196125,0.04509679479635445,0.14092344859233025,0.04499793371255786,0.08209233939564496,0.07169244391077573,0.0514682907683877,0.0436461597096249,0.0,0.0,0.0,1.0
Miyazaki,0.3222666505590584,0.19583664228867642,0.055937433813161505,0.14633815410345566,0.03817907925361166,0.10489818085827007,0.07016670726800331,0.028594546769368626,0.03778260508639429,0.0,0.0,0.0,1.0
Kagoshima,0.35137240456522656,0.21529162699543591,0.05644272144536387,0.1251334514291386,0.034437649564961585,0.07189790091975928,0.07334630212622312,0.0302324261391154,0.0418455168147756,0.0,0.0,0.0,1.0
Okinawa,0.19386600136220136,0.1740223645630947,0.05937242422961424,0.16920336496869517,0.08246513796237252,0.06925723364716446,0.12053929834735815,0.08110559908161222,0.05016857583788713,0.0,0.0,0.0,1.0
